$ 5 6.25e-7 1.4391916095149893 36 5 43 5e-11
r 96 160 192 160 0 20
c 272 160 272 256 0 0.00001 2.5001239987541872 -10
l 192 160 272 160 0 0.0022 -0.005340102549711708 0
v 48 240 48 160 4 5 50000 5 0 0 0.5
g 272 256 272 288 0 0
g 48 240 48 304 0 0
w 48 160 96 160 0
174 256 96 352 96 1 1000 0.2525 Resistance
R 160 96 0 96 0 0 40 5 0 0 0.5
g 352 96 416 96 0 0
w 304 128 304 80 0
a 352 144 448 144 9 15 -15 1000000 2.5001239987541872 3.664215686274509 100000
w 272 160 304 160 0
w 304 128 352 128 0
w 352 160 304 160 0
w 496 144 448 144 0
r 160 96 256 96 0 20
o 3 2 0 36867 5 0.03258449365838366 0 2 3 3
o 15 2 0 4099 20 0.00009765625 1 2 15 3
o 14 2 0 4099 5 0.00009765625 2 2 14 3
38 1 F1 0 0.000001 0.000101 -1 Capacitance
38 2 F1 0 0.01 1.01 -1 Inductance
38 0 F1 0 1 101 -1 Resistance
