$ 5 6.25e-7 1.4391916095149893 36 5 43 5e-11
r 96 112 192 112 0 0.1
c 272 112 272 208 0 0.00001 2.4885101826130662 -10
l 192 112 272 112 0 0.0022 0.12118037435379722 0
v 48 192 48 112 4 5 50000 5 0 0 0.5
g 272 208 272 240 0 0
g 48 192 48 240 0 0
w 48 112 96 112 0
174 320 48 320 96 1 0.1 0.005 Resistance
R 320 48 32 48 0 0 40 5 0 0 0.5
g 320 112 320 288 0 0
w 416 80 336 80 0
a 432 96 528 96 9 3.3 -3.3 1000000 2.4885101826130662 4.97481440591101 100000
w 272 112 304 112 0
w 432 112 304 112 0
w 576 96 528 96 0
a 528 208 624 208 9 5 -5 1000000 1.2442799538515148 1.244255091306533 100000
r 432 192 512 192 0 10
r 416 224 496 224 0 10
r 512 192 512 320 0 10
r 528 160 624 160 0 10
w 624 160 624 208 0
w 624 208 688 208 0
w 528 160 528 224 0
g 512 320 512 352 0 0
w 512 192 528 192 0
w 496 224 528 224 0
w 432 192 432 112 0
w 416 224 416 80 0
w 416 80 432 80 0
g 512 336 512 368 0 0
r 688 208 784 208 0 1000
g 784 208 816 208 0 0
o 3 2 0 36867 10 0.2606759492670693 0 2 3 3
o 14 2 0 4099 5 0.00009765625 1 2 14 3
o 13 2 0 4099 5 0.2 2 2 13 3
o 21 2 0 4099 2.5 0.003125 3 2 21 3
38 1 F1 0 0.000001 0.000101 -1 Capacitance
38 2 F1 0 0.01 1.01 -1 Inductance
38 0 F1 0 1 101 -1 Resistance
