$ 5 6.25e-7 1.4391916095149893 32 5 43 5e-11
r 96 112 192 112 0 0.1
c 272 112 272 208 0 0.00001 2.4867979209188418 -10
l 192 112 272 112 0 0.0022 0.12047035796011271 0
v 48 192 48 112 4 5 50000 5 0 0 0.5
g 272 208 272 240 0 0
g 48 192 48 240 0 0
w 48 112 96 112 0
174 320 48 320 96 1 0.1 0.203 Resistance
R 320 48 32 48 0 0 40 5 0 0 0.5
g 320 112 320 288 0 0
w 416 80 336 80 0
a 432 96 528 96 9 3.3 -3.3 1000000 2.4867979209188418 3.980571525303043 100000
w 272 112 304 112 0
w 432 112 304 112 0
w 576 96 528 96 0
a 528 208 624 208 9 5 -5 1000000 1.2434138978967157 1.2433989604594204 100000
r 432 192 512 192 0 10
r 416 224 496 224 0 10
r 512 192 512 320 0 10
r 528 160 624 160 0 10
w 624 160 624 208 0
w 624 208 688 208 0
w 528 160 528 224 0
g 512 320 512 352 0 0
w 512 192 528 192 0
w 496 224 528 224 0
w 432 192 432 112 0
w 416 224 416 80 0
w 416 80 432 80 0
g 512 336 512 368 0 0
g 784 208 816 208 0 0
. H_Bridge 1 4 4 6 in1 5 1 2 in2 6 2 2 in_v\p\p 2 3 2 out1 1 0 0 out2 3 3 0 out_gnd 4 3 1 DiodeElm\s1\s2\rDiodeElm\s3\s2\rDiodeElm\s4\s1\rDiodeElm\s4\s3\rMosfetElm\s6\s4\s3\rMosfetElm\s5\s4\s1\rMosfetElm\s6\s3\s2\rMosfetElm\s5\s1\s2 2\\sdefault\s2\\sdefault\s2\\sdefault\s2\\sdefault\s32\\s1.5\\s0.02\s32\\s1.5\\s0.02\s33\\s1.5\\s0.02\s33\\s1.5\\s0.02
410 752 0 848 80 1 H_Bridge 2\sdefault 2\sdefault 2\sdefault 2\sdefault 32\s1.5\s0.02 32\s1.5\s0.02 33\s1.5\s0.02 33\s1.5\s0.02
415 784 -64 880 -64 0 0.5 1 0.15 0.15 0.02 0.05 1 0
w 880 -32 880 -64 0
w 784 -64 784 -32 0
w 752 96 736 96 0
w 736 96 736 -16 0
w 736 -16 320 -16 0
207 528 96 528 48 4 compar_pot_w_pwm
172 752 32 672 32 0 7 0 3 0 0 0.5 Voltage
172 752 64 672 64 0 7 3 3 0 0 0.5 Voltage
g 880 128 880 144 0 0
172 320 -16 240 -16 0 7 5 5 0 0 0.5 Voltage
415 688 208 784 208 0 0.5 1 0.15 0.15 0.02 0.05 1 0
o 3 2 0 36867 10 0.2606759492670693 0 2 3 3
o 14 2 0 4099 5 0.00009765625 1 2 14 3
o 13 2 0 4099 5 0.2 2 2 13 3
o 21 2 0 4099 2.5 0.2 3 2 21 3
38 1 F1 0 0.000001 0.000101 -1 Capacitance
38 2 F1 0 0.01 1.01 -1 Inductance
38 0 F1 0 1 101 -1 Resistance
