$ 5 6.25e-7 337.78679316735355 56 5 43 5e-11
r -176 224 -112 224 0 1
c -32 224 -32 320 0 0.00001 2.333657378475618 -10
l -112 224 -32 224 0 0.0022 0.16662088513781523 0
v -272 224 -208 224 4 5 50000 5 0 0 0.5
g -32 320 -32 352 0 0
g -272 224 -272 352 0 0
w -208 224 -176 224 0
174 16 160 16 208 1 0.1 0.7376 Resistance
R 16 160 -272 160 0 0 40 5 0 0 0.5
g 16 224 16 352 0 0
w 112 192 32 192 0
a 688 112 784 112 9 3.3 0 1000000 0 -0.9319818927615415 100000
w -32 224 0 224 0
w 128 224 0 224 0
w 800 112 784 112 0
a 224 208 320 208 9 5 -5 1000000 0.6553760111388257 0.6553657820852637 100000
r 112 192 208 192 0 10
r 128 224 192 224 0 10
r 208 224 208 304 0 10
r 224 160 320 160 0 10
w 688 224 880 224 0
w 224 160 224 224 0
g 208 320 208 336 0 0
w 208 192 224 192 0
w 192 224 224 224 0
w 672 96 688 96 0
. H_Bridge 1 4 4 6 in1 5 2 2 in2 6 3 2 in_v\p\p 2 3 1 out1 1 0 0 out2 3 3 0 out_gnd 4 1 3 DiodeElm\s1\s2\rDiodeElm\s3\s2\rDiodeElm\s4\s1\rDiodeElm\s4\s3\rMosfetElm\s6\s4\s3\rMosfetElm\s5\s4\s1\rMosfetElm\s6\s3\s2\rMosfetElm\s5\s1\s2 2\\sdefault\s2\\sdefault\s2\\sdefault\s2\\sdefault\s32\\s1.5\\s0.02\s32\\s1.5\\s0.02\s33\\s1.5\\s0.02\s33\\s1.5\\s0.02
410 800 -48 896 32 1 H_Bridge 2\sdefault 2\sdefault 2\sdefault 2\sdefault 32\s1.5\s0.02 32\s1.5\s0.02 33\s1.5\s0.02 33\s1.5\s0.02
415 832 -112 928 -112 0 0.5 1 1.5 1.5 100 0.005 1 0
w 928 -80 928 -112 0
w 832 -112 832 -80 0
a 688 16 784 16 8 3.3 0 1000000 -0.9319818927615415 0 100000
w 688 128 688 32 0
w 672 96 672 0 0
w 672 0 688 0 0
w 784 16 800 16 0
w 800 112 800 48 0
w 928 80 928 272 0
d 880 320 832 272 2 default
d 880 224 832 272 2 default
d 928 272 880 320 2 default
d 928 272 880 224 2 default
w 960 -16 1024 -16 0
w 1024 -16 1024 336 0
w 1024 336 832 336 0
w 832 336 832 272 0
w 880 352 688 352 0
w 208 224 208 192 0
w 208 304 208 320 0
a 560 224 656 224 9 10 -10 1000000 -0.465990946383171 -0.46600026620209867 100000
g 560 352 560 368 0 0
w 560 240 560 272 0
r 560 272 560 352 0 10
r 560 272 656 272 0 10
w 656 224 656 272 0
w 656 224 672 224 0
w 352 352 560 352 0
w 560 208 496 208 0
w 496 208 496 272 0
v 352 272 416 272 0 1 7 5 0 0 0.5
r 416 272 496 272 0 10
r 416 208 496 208 0 10
w 352 352 352 272 0
w 416 208 352 208 0
w 880 352 880 320 0
w 320 208 320 160 0
w 320 208 352 208 0
w 672 224 688 224 0
w 672 224 672 96 0
w 688 128 688 352 0
w 688 352 560 352 0
o 3 2 0 36867 10 0.2606759492670693 0 2 3 3
o 20 2 0 4099 5 0.003125 1 2 20 3
o 27 256 0 4099 0.625 0.003125 2 2 27 3
o 36 512 0 4099 5 1677721.6 3 4 36 3 58 0 58 3
38 1 F1 0 0.000001 0.000101 -1 Capacitance
38 2 F1 0 0.01 1.01 -1 Inductance
38 0 F1 0 1 101 -1 Resistance
