$ 1 0.000005 10.20027730826997 50 5 43 5e-11
d 240 160 240 112 2 default
d 384 160 384 112 2 default
d 240 288 240 240 2 default
d 384 288 384 240 2 default
w 272 192 240 192 0
w 240 192 240 160 0
w 240 192 240 240 0
w 352 192 384 192 0
w 384 192 384 160 0
w 384 192 384 240 0
w 240 192 112 192 0
w 112 192 112 144 0
w 112 192 112 256 0
w 384 192 464 192 0
w 464 144 464 192 0
w 464 192 464 240 0
w 384 288 384 320 0
w 240 288 240 320 0
w 240 320 384 320 0
w 384 320 464 320 0
w 464 320 464 272 0
w 240 320 112 320 0
w 112 320 112 288 0
w 464 112 464 64 0
w 464 64 384 64 0
w 384 64 384 112 0
w 384 64 240 64 0
w 240 64 240 112 0
w 240 64 112 64 0
w 112 64 112 80 0
w 112 80 112 112 0
w 160 128 48 128 0
w 176 272 48 272 0
w 512 128 560 128 0
w 512 256 560 256 0
w 560 192 560 256 0
w 560 128 560 192 0
w 48 128 48 192 0
w 48 272 48 192 0
f 512 256 464 256 32 1.5 0.02
f 176 272 112 272 32 1.5 0.02
f 512 128 464 128 33 1.5 0.02
f 160 128 112 128 33 1.5 0.02
207 560 192 624 192 4 in2
207 464 64 624 64 4 in_v\p\p
207 464 320 624 320 4 out_gnd
207 48 192 -16 192 4 in1
207 352 192 352 144 4 out2
207 272 192 272 144 4 out1
