$ 1 0.000005 10.20027730826997 50 5 43 5e-11
v 528 64 464 64 0 0 40 5 0 0 0.5
d 240 160 240 112 2 default
d 384 160 384 112 2 default
d 240 288 240 240 2 default
d 384 288 384 240 2 default
415 272 192 352 192 0 0.5 1 0.15 0.15 0.02 0.05 1 0
w 272 192 240 192 0
w 240 192 240 160 0
w 240 192 240 240 0
w 352 192 384 192 0
w 384 192 384 160 0
w 384 192 384 240 0
w 240 192 112 192 0
w 112 192 112 144 0
w 112 192 112 256 0
w 384 192 464 192 0
w 464 144 464 192 0
w 464 192 464 240 0
w 384 288 384 320 0
w 240 288 240 320 0
w 240 320 384 320 0
w 384 320 464 320 0
w 464 320 464 272 0
w 240 320 112 320 0
w 112 320 112 288 0
w 464 112 464 64 0
w 464 64 384 64 0
w 384 64 384 112 0
w 384 64 240 64 0
w 240 64 240 112 0
w 240 64 112 64 0
w 112 64 112 80 0
w 112 80 112 112 0
w 160 128 48 128 0
w 176 272 48 272 0
w 512 128 560 128 0
w 512 256 560 256 0
w 464 320 528 320 0
w 528 320 528 64 0
g 528 320 528 352 0 0
w 560 192 560 256 0
w 560 128 560 192 0
w 48 128 48 192 0
w 48 272 48 192 0
f 512 256 464 256 32 1.5 0.02
f 176 272 112 272 32 1.5 0.02
f 512 128 464 128 33 1.5 0.02
f 160 128 112 128 33 1.5 0.02
172 48 128 -16 128 0 7 0 3 0 0 0.5 Voltage
172 560 128 640 128 0 7 0 3 0 0 0.5 Voltage
